HHZZ 79358 14081 10152 20031 30150 71131 00083 98813 00042=
HHZZ 42801 14083
 10336 20051 30334 41714 099
41=
HHZZ 42801 14083 10336 20051 30334 41714 09941=
HHZZ 42804 14083 10234 20061 30234 41715=
HHZZ 42808 14083

 10139 20051 30140 41717 00021=
HHZZ 42814
14083 10126 20021 30128 41716=
HHZZ 78288 NIL=

HHZZ 78289
 NI
 L=
HHZZ 79358 14081 10152 20031 30150 81131 00083 98813 00042=
HHZZ 79365 14081 10275 20012 30276 62202 82183=
HHZZ 79397 140
81 10114 20000 30114 82221 00094 98813 00062=
HHZZ 79403 14081 10237 20022 30238 416// 62305 81665 00011 98813 00011=
HHZZ 79407 14081 102
06 20012 30207 81325 0000/=
HHZZ 79424 14081 10211 20012 30212 62202 81964 00010=
HHZZ 79477 14081 10258 20000 30
258 418// 62201 82217=
HHZZ 79485 14081 10169 20000 30169 82265 00021 98813 00010=
HHZZ 79513 14081 10
294 20041 30292 81600 00193=
HHZZ 79518 14081 10044 20061 30041 416// 82141 00124 98813 09931=
HHZZ 79521 14081 1010
9 20031 30107 82215 0009/ 98813 0000/=
HHZZ 79524 14081 1
0229 20000 30229
417// 0017/=
HHZZ 79543 14081 10011 20052 30019 81110 00113 98813 00051=
HHZZ 79545 14081 1
0148 20031 30146 417// 82252 00011=
HHZZ 79549 14081 10206 2
0012 30206 82244 00083=

HHZZ 79584 14081 10064 20011 30063 81160 00071 98813 0000/=
HHZZ 79596
 14081 10152 2003
2 30152 81690 00040 98813 0000/=
HHZZ 79726 14081 10089 20000 30089 41712 82119 00071 98813 00051=
HHZZ 80903 NIL=